
16 [0, 3, 11, 43, 54]
24 [1, 36, 84]
17 [2, 22]
47 [4, 27]
42 [5, 8, 12, 45, 71, 88]
23 [6, 31, 68, 97]
64 [7, 25, 83]
49 [9, 58]
15 [10]
57 [13, 55, 95]
60 [14, 32, 47, 56, 65]
52 [15, 61, 72, 89, 96]
25 [16]
53 [17, 24, 28]
65 [18, 64]
34 [19]
54 [20]
33 [21, 60]
35 [23]
28 [26, 29, 37, 44]
63 [30]
55 [33, 67]
21 [34]
39 [35, 40, 48, 99]
36 [38, 98]
58 [39, 52, 59, 92]
19 [41, 50]
44 [42]
43 [46]
50 [49, 85, 91]
41 [51]
51 [53]
45 [57]
56 [62, 81]
26 [63, 87]
29 [66, 75, 77]
32 [69, 78]
30 [70, 76]
61 [73, 94]
38 [74]
27 [79, 80]
18 [82]
20 [86, 93]
22 [90]
